5 x 50  0    45
5 x 15  45   30
5 x 35  30   0
5 x 50  0    -15
5 x 15  -15   -30
5 x 35  -30   0

6 x 50  0    -30
6 x 15  -30  0
6 x 35  0    0
6 x 50  0    0
6 x 15  0    0
6 x 15  0    -20
6 x 20  -20  0


7 x 50  0    -15
7 x 15  -15   -30
7 x 35  -30   0
7 x 50  0    45
7 x 15  45   30
7 x 35  30   0

8 x 50  0    0
8 x 15  0    0
8 x 15  0    -20
8 x 20  -20  -30
8 x 50  -30  -30
8 x 15  -30  0
8 x 35  0    0



3 x 35  0    35
3 x 15  35   45
3 x 15  45   35
3 x 35  35   0

4 x 15  10   20
4 x 20  20   20
4 x 15  20   30
4 x 50  30   10


3 x 35   0    -30
3 x 15   -30  -40
3 x 15   -40  -30
3 x 35   -30  0

4 x 15   10    10
4 x 20   10    20
4 x 15   20    20
4 x 30   20    10
4 x 20   10    10


1 x 35   0    -30
1 x 15   -30  -40
1 x 15   -40  -30
1 x 35   -30  0

2 x 15   10    10
2 x 20   10    20
2 x 15   20    20
2 x 30   20    10
2 x 20   10    10


1 x 35   0    35
1 x 15   35   45
1 x 15   45   35
1 x 35   35   0

2 x 15  10   20
2 x 20  20   20
2 x 15  20   30
2 x 50  30   10


1 z 10 0 0
3 z 10 0 0



