5 x 50  0    45
5 x 15  45   30
5 x 35  30   0
5 x 50  0    -15
5 x 15  -15   -30
5 x 35  -30   0

6 x 50  0    -30
6 x 15  -30  0
6 x 35  0    0
6 x 50  0    0
6 x 15  0    0
6 x 15  0    -20
6 x 20  -20  0


7 x 50  0    -15
7 x 15  -15   -30
7 x 35  -30   0
7 x 50  0    45
7 x 15  45   30
7 x 35  30   0

8 x 50  0    0
8 x 15  0    0
8 x 15  0    -20
8 x 20  -20  -30
8 x 50  -30  -30
8 x 15  -30  0
8 x 35  0    0


1 x 35   0    -30
1 x 15   -30  -40
1 x 15   -40  -30
1 x 35   -30  0

2 x 15   0    0
2 x 10   0    0
2 x 10   0    0
2 x 15   0    0
2 x 50   0    0


1 x 35   0    35
1 x 15   35   45
1 x 15   45   35
1 x 35   35   0

2 x 15   0    20
2 x 10   20   30
2 x 10   30   20
2 x 15   20   0
2 x 50   0    0

3 x 100  120   150
3 x 100  150  120

3 z 100  -10   -50
3 z 100  -50   -10

4 z 50   0    35
4 z 50   35   0
4 z 50   0    0
4 z 50   0    0

4 x 100  35   50
4 x 100  50  35

9 y 100  0   -30

9 y 100  -30 0
