5 x 10  0    -20
6 x 10  0     -15
7 x 10  0     35
8 x 5   0   -45
8 x 5  -45   -20
###40
5 x 10  -20    -30
5 x 10  -30    -45
6 x 10  -15      -40
6 x 10  -40    -40
7 x 10  35     30
7 x 10  30     30
8 x 10  -20    0
8 x 10  0      0
#############40
7 x 20  30    0
8 x 20  0     0
5 x 20  -45   0
6 x 20  -40   -45
###40
7 x 10  0    -20
8 x 10  0     -15
5 x 10  0     35
6 x 5  -45   -45
6 x 5  -45   -20
###40
7 x 10  -20    -40
7 x 10  -40    -30
8 x 10  -15     -40
8 x 10  -40    -45
5 x 10  35     30
5 x 10  30     30
6 x 10  -20    0
6 x 10  0      0
######################40
5 x 20  30    0
6 x 20  0     0
7 x 20  -30   0
8 x 20  -45   0
###20

5 x 10  0    -20
6 x 10  0     -15
7 x 10  0     35
8 x 5   0   -45
8 x 5  -45   -20
###40
5 x 10  -20    -30
5 x 10  -30    -45
6 x 10  -15      -40
6 x 10  -40    -40
7 x 10  35     30
7 x 10  30     30
8 x 10  -20    0
8 x 10  0      0
#############40
7 x 20  30    0
8 x 20  0     0
5 x 20  -45   0
6 x 20  -40   -45
###40
7 x 10  0    -20
8 x 10  0     -15
5 x 10  0     35
6 x 5  -45   -45
6 x 5  -45   -20
###40
7 x 10  -20    -40
7 x 10  -40    -30
8 x 10  -15     -40
8 x 10  -40    -45
5 x 10  35     30
5 x 10  30     30
6 x 10  -20    0
6 x 10  0      0
######################40
5 x 20  30    0
6 x 20  0     0
7 x 20  -30   0
8 x 20  -45   0
###20

1 x 25  0    -25
1 x 25  -25  0
1 x 25  0    25
1 x 25  25   0

3 x 25  0    25
3 x 25  25  0
3 x 25  0    -25
3 x 25  -25   0

2 x 25  90  60
2 x 25  60  90
2 x 25  90  90
2 x 25  90  90

4 x 25  90  90
4 x 25  90  90
4 x 25  90  60
4 x 25  60  90


1 x 25  0    -25
1 x 25  -25  0
1 x 25  0    25
1 x 25  25   0

3 x 25  0    25
3 x 25  25  0
3 x 25  0    -25
3 x 25  -25   0

2 x 25  90  60
2 x 25  60  90
2 x 25  90  90
2 x 25  90  90

4 x 25  90  90
4 x 25  90  90
4 x 25  90  60
4 x 25  60  90




