5 x 25  85    70
5 x 25  70    85
5 x 25  85    95
5 x 25  95    85

6 x 25  -85  -85
6 x 25  -85  -85
6 x 25  -85  0
6 x 25  0    -85

7 x 25  85    95
7 x 25  95    85
7 x 25  85    70
7 x 25  70    85

8 x 25  -85   0
8 x 25  0     -85
8 x 25  -85   -85
8 x 25  -85   -85

1 x 25  50   50
1 x 25  50   50
1 x 25  50   50
1 x 25  50   50

2 z 25  -110   0
2 z 25  0   -110
2 z 25  -110   -110
2 z 25  -110   -110

2 x 25  0   110
2 x 25  110   0
2 x 25  0   0
2 x 25  0   0

3 x 25  50   50
3 x 25  50   50
3 x 25  50   50
3 x 25  50   50

4 z 25  85   85
4 z 25  85   85
4 z 25  85   0
4 z 25  0    85

4 x 25  0   0
4 x 25  0   0
4 x 25  0   110
4 x 25  110   0