7 x  100  0    0
8 x  100  0    0
5 x  10   0    80
5 x  80   80    80
5 x  10   80   0

6 x  10   0    -90
6 x  80  -90   -90
6 x  10   -90   0

1 z  10   0     175
1 z  70   175   175
1 z  20   175   0

2 z  10   0     35
2 z  70   35   35
2 z  20   35   0

3 z  10   0     -175
3 z  70   -175   -175
3 z  20   -175   0

4 z  10   0     -35
4 z  70   -35   -35
4 z  20   -35   0

5 x  100  0    0
6 x  100  0    0
7 x  10   0    80
7 x  80   80    80
7 x  10   80   0

8 x  10   0    -90
8 x  80  -90   -90
8 x  10   -90   0

1 z  10   0     175
1 z  70   175   175
1 z  20   175   0

2 z  10   0     35
2 z  70   35   35
2 z  20   35   0

3 z  10   0     -175
3 z  70   -175   -175
3 z  20   -175   0

4 z  10   0     -35
4 z  70   -35   -35
4 z  20   -35   0