# 1 go up  50
1  x  50   0   0
1  z  50   0   120
2  z  50   0   0
3  x  50   0   0
3  z  50   0   -120
4  z  50   0   0
5  x  50   0    0
5  z  50   0    0
6  x  50   0    0
7  x  50   0    0
8  x  50   0    0
10 z  50   0    0
10 x  50   0    0

# 1 go down 50
1  x  50   0    30
1  z  50   120  0
2  z  50   0    -15
3  x  50   0    60
3  z  50   -120 0
4  z  50   0    15
5  x  50   0    30
5  z  50   0    0
6  x  50   0    -30
7  x  50   0    30
8  x  50   0    -30
10 z  50   0    0
10 x  50   0    0

# 1 go intersect  40
1  x  40   30    30
1  z  40   0    -40
2  z  40   -15  -50
3  x  40   60   60
3  z  40   0    40
4  z  40   15   50
5  x  40   30    60
5  z  40   0    0
6  x  40   -30    -60
7  x  40   30    60
8  x  40   -30    -60
10 z  40   0    0
10 x  40   0    0


# 1 intersect back  40
1  x  40   30    0
1  z  40   -40   0
2  z  40   -50   0
3  x  40   60    0
3  z  40   40    0
4  z  40   50    0
5  x  40   60    0
5  z  40   0    0
6  x  40   -60    0
7  x  40   60    0
8  x  40   -60    0
10 z  50   0    0
10 x  50   0    0

# 1 go up  50
1  x  50   0   0
1  z  50   0   120
2  z  50   0   0
3  x  50   0   0
3  z  50   0   -120
4  z  50   0   0
5  x  50   0    0
5  z  50   0    0
6  x  50   0    0
7  x  50   0    0
8  x  50   0    0
10 z  50   0    0
10 x  50   0    0

# 1 go down 50
1  x  50   0    30
1  z  50   120  0
2  z  50   0    -15
3  x  50   0    60
3  z  50   -120 0
4  z  50   0    15
5  x  50   0    30
5  z  50   0    0
6  x  50   0    -30
7  x  50   0    30
8  x  50   0    -30
10 z  50   0    0
10 x  50   0    0

# 1 go intersect  40
1  x  40   30    30
1  z  40   0    -40
2  z  40   -15  -50
3  x  40   60   60
3  z  40   0    40
4  z  40   15   50
5  x  40   30    60
5  z  40   0    0
6  x  40   -30    -60
7  x  40   30    60
8  x  40   -30    -60
10 z  40   0    0
10 x  40   0    0


# 1 intersect back  40
1  x  40   30    0
1  z  40   -40   0
2  z  40   -50   0
3  x  40   60    0
3  z  40   40    0
4  z  40   50    0
5  x  40   60    0
5  z  40   0    0
6  x  40   -60    0
7  x  40   60    0
8  x  40   -60    0
10 z  40   0    0
10 x  40   0    0

#####################################

# 2 stretch left  40
1  x  40   0    0
1  z  40   0    60
2  z  40   0    -60
3  x  40   0    0
3  z  40   0    -160
4  z  40   0    -30
5  x  40   0    0
5  z  40   0    0
6  x  40   0    0
7  x  40   0    0
8  x  40   0    0
10 z  40   0    -30
10 x  40   0    0

# 2 stretch forward 40
1  x  40   0    0
1  z  40   60   110
2  z  40   -60    -130
3  x  40   0    0
3  z  40   -160    -160
4  z  40   -30    -30
5  x  40   0    0
5  z  40   0    0
6  x  40   0    0
7  x  40   0    0
8  x  40   0    0
10 z  40   -30    -55
10 x  40   0    0


# 2 stretch back 50
1  x  50   0    0
1  z  50   110   60
2  z  50   -130    -70
3  x  50   0    0
3  z  50   -160 -80
4  z  50   -30    70
5  x  50   0    0
5  z  50   0    0
6  x  50   0    0
7  x  50   0    0
8  x  50   0    0
10 z  50   -55  0
10 x  50   0    0


# 2 stretch right  40
1  x  40   0    0
1  z  40   60    160
2  z  40   -70   30
3  x  40   0    0
3  z  40   -80    -60
4  z  40   70    60
5  x  40   0    0
5  z  40   0    0
6  x  40   0    0
7  x  40   0    0
8  x  40   0    0
10 z  40   0    30
10 x  40   0    0

# 2 stretch forward 40
1  x  40   0    0
1  z  40   160   160
2  z  40   30    30
3  x  40   0    0
3  z  40   -60    -110
4  z  40   60    130
5  x  40   0    0
5  z  40   0    0
6  x  40   0    0
7  x  40   0    0
8  x  40   0    0
10 z  40   30    55
10 x  40   0    0


# 2 stretch back 50
1  x  50   0    0
1  z  50   160   80
2  z  50   30    -70
3  x  50   0    0
3  z  50   -110 -60
4  z  50   130    60
5  x  50   0    0
5  z  50   0    0
6  x  50   0    0
7  x  50   0    0
8  x  50   0    0
10 z  50   55  0
10 x  50   0    0

###############################

# 2 stretch left  40
1  x  40   0    0
1  z  40   80    60
2  z  40   -70    -60
3  x  40   0    0
3  z  40   -60    -160
4  z  40   60    -30
5  x  40   0    0
5  z  40   0    0
6  x  40   0    0
7  x  40   0    0
8  x  40   0    0
10 z  40   0    -30
10 x  40   0    0

# 2 stretch forward 40
1  x  40   0    0
1  z  40   60   110
2  z  40   -60    -130
3  x  40   0    0
3  z  40   -160    -160
4  z  40   -30    -30
5  x  40   0    0
5  z  40   0    0
6  x  40   0    0
7  x  40   0    0
8  x  40   0    0
10 z  40   -30    -55
10 x  40   0    0


# 2 stretch back 50
1  x  50   0    0
1  z  50   110   60
2  z  50   -130    -70
3  x  50   0    0
3  z  50   -160 -80
4  z  50   -30    70
5  x  50   0    0
5  z  40   0    0
6  x  50   0    0
7  x  50   0    0
8  x  50   0    0
10 z  50   -55  0
10 x  50   0    0


# 2 stretch right  40
1  x  40   0    0
1  z  40   60    160
2  z  40   -70   30
3  x  40   0    0
3  z  40   -80    -60
4  z  40   70    60
5  x  40   0    0
5  z  40   0    0
6  x  40   0    0
7  x  40   0    0
8  x  40   0    0
10 z  40   0    30
10 x  40   0    0

# 2 stretch forward 40
1  x  40   0    0
1  z  40   160   160
2  z  40   30    30
3  x  40   0    0
3  z  40   -60    -110
4  z  40   60    130
5  x  40   0    0
5  z  40   0    0
6  x  40   0    0
7  x  40   0    0
8  x  40   0    0
10 z  40   30    55
10 x  40   0    0


# 2 stretch back 50
1  x  50   0    0
1  z  50   160   80
2  z  50   30    -70
3  x  50   0    0
3  z  50   -110 -60
4  z  50   130    60
5  x  50   0    0
5  z  50   0    0
6  x  50   0    0
7  x  50   0    0
8  x  50   0    0
10 z  50   55  0
10 x  50   0    0

# 2 Back to normal
1  x  50   0    0
1  z  50   80   0
2  z  50   -70  0
3  x  50   0    0
3  z  50   -60  0
4  z  50   60   0
5  x  50   0    0
5  z  50   0    0
6  x  50   0    0
7  x  50   0    0
8  x  50   0    0
10 z  50   0  0
10 x  50   0    0
###################################3

# 3 lean down
1  x  50   0    170
1  z  50   0   0
2  z  50   0  0
3  x  50   0    170
3  z  50   0  0
4  z  50   0   0
5  x  50   0    0
5  z  50   0    0
6  x  50   0    0
7  x  50   0    0
8  x  50   0    0
10 z  50   0    0
10 x  50   0    150

# 3 lean forward
1  x  50   170    180
1  z  50   0   0
2  z  50   0  0
3  x  50   170    180
3  z  50   0  0
4  z  50   0   0
5  x  50   0    0
5  z  50   0    0
6  x  50   0    0
7  x  50   0    0
8  x  50   0    0
10 z  50   0    0
10 x  50   150    155

# 3 lean forward
1  x  50   180    170
1  z  50   0   0
2  z  50   0  0
3  x  50   180    170
3  z  50   0  0
4  z  50   0   0
5  x  50   0    0
5  z  50   0    0
6  x  50   0    0
7  x  50   0    0
8  x  50   0    0
10 z  50   0    0
10 x  50   155    150

# 3 lean back
1  x  50   170  0
1  z  50   0   0
2  z  50   0  0
3  x  50   170   0
3  z  50   0  0
4  z  50   0   0
5  x  50   0    0
5  z  50   0    0
6  x  50   0    0
7  x  50   0    0
8  x  50   0    0
10 z  50   0    0
10 x  50   150  0

# 3 go back
1  x  50   0  0
1  z  50   0   70
2  z  50   0  -110
3  x  50   0   0
3  z  50   0  -70
4  z  50   0   110
5  x  50   0    0
5  z  50   0    0
6  x  50   0    0
7  x  50   0    0
8  x  50   0    0
10 z  50   0    0
10 x  50   0    -75

# 3 stretch
1  x  50   0  0
1  z  50   70   70
2  z  50   -110  -110
3  x  50   0   0
3  z  50   -70  -70
4  z  50   110   110
5  x  50   0    0
5  z  50   0    0
6  x  50   0    0
7  x  50   0    0
8  x  50   0    0
10 z  50   0    0
10 x  50   -75  -80

# 3 go back
1  x  50   0  0
1  z  50   70   0
2  z  50   -110  0
3  x  50   0   0
3  z  50   -70  0
4  z  50   110   0
5  x  50   0    0
5  z  50   0    0
6  x  50   0    0
7  x  50   0    0
8  x  50   0    0
10 z  50   0    0
10 x  50   -80  0











