#Jump  50
1  x  50    0    10
1  z  50    0    110 
2  z  50    0    -30

3  x  50    0    10
3  z  50    0    -110 
4  z  50    0    30

5  x  50    0    10
6  x  50    0    -20
7  x  50    0    110
8  x  50    0    -120

#Wait for a second  100
1  x  100   10   10
1  z  100   110  110
2  z  100   -30  -30
3  x  100   10   10
3  z  100   -110 -110
4  z  100   30   30
5  x  100   10   10
6  x  100   -20  -20
7  x  100   110  110
8  x  100   -120 -120


# Hit!  40
1  x  20   10   10
1  z  20   110  110
2  z  20   -30  -30
3  x  20   10   10
3  z  20   -110 -110
4  z  20   30   30
5  x  20   10   10
6  x  20   -20  -20
7  x  20   110  90
8  x  20   -120 0

1  x  20   10   10
1  z  20   110  110
2  z  20   -30  -30
3  x  20   10   10
3  z  20   -110 -110
4  z  20   30   30
5  x  20   10   10
6  x  20   -20  -20
7  x  20   90  110
8  x  20   0 -120


# Jump down   50
1  x  50   10   0
1  z  50   110  0
2  z  50   -30  0
3  x  50   10   0
3  z  50   -110 0
4  z  50   30   0
5  x  50   10   0
6  x  50   -20  0
7  x  50   110  0
8  x  50   -120 0

