3 x  50    0     90
3 x  20    90    -30
3 x  50    -30   -30

3 x  20    -45   90
3 x  20    90    90
3 x  20    90    -30
3 x  20    -30   -30    
3 x  20    -30   90
3 x  20    90    -30
3 x  20    -30   90
3 x  20    90    90
###
3 x  100   90   -30
3 x  30    -30 -30
3 x  30    -30 175
3 x  30    175 175
3 x  40    175   5
########################
3  x   60   5    60
3  x   25    60   60
3  x   60  60   60
3  x   20  60   -25
3  x   30  -25   -25
3  x   40  -25  20
3  x   20  20  20
3  x   10  20  20
3  x   20  20   0
3  x   20  0    0
#
3  x   50   0    30
3  x   25    30   30
3  x   60  30   30
3  x   20  30   30
3  x   30  30   30
3  x   40  30   -15
3  x   20  -15   -15
3  x   10  -15   -15
3  x   20  -15   0
3  x   20  0     0


3  z   510   0    0
3  z   60   0    30
3  z   25    30  30
3  z   60  30   30
3  z   20  30   0
3  z   30  0   0
3  z   40  0   0
3  z   20  0   0
3  z   10  0   0
3  z   20  0   0
3  z   20  0   0
#
3  z   50   0    -15
3  z   25    -15  -15
3  z  60   -15   -15
3  z  20   -15   0
3  z  30   0   0
3  z  40   0   0
3  z  20   0   0
3  z  10   0   0
3  z  20   0   0
3  z  20   0   0

4 x  50    0     0
4 x  20    0     120
4 x  50    120   120

4 x  20    120   0
4 x  20    0     0
4 x  20    0     120
4 x  20    120   120
4 x  20    120   0
4 x  20    0     120
4 x  20    120   0
4 x  20    0     0
###
4 x  100   0   120
4 x  30    120 120
4 x  30    120 5
4 x  30    5   5
4 x  40    5   90

##########################
4 x  85   90   0
4 x  60  0   0
4 x  20  0   75
4 x  30  75   75
4 x  40  75  75
4 x  20  75  75
4 x  10  75  75
4 x  20  75  0
4 x  20  0   0
#
4 x  75   0   0
4 x  60  0   0
4 x  20  0   75
4 x  30  75   75
4 x  40  75  75
4 x  20  75  75
4 x  10  75  75
4 x  20  75  0
4 x  20  0   0

4  z   520   0    0
4  z   40   0    85
4  z   35    85  85
4  z   60  85   85
4  z   20  85    0
4  z   30  0    0
4  z   40  0    0
4  z   20  0    0
4  z   10  0    0
4  z   20  0    0
4  z   20  0    0
#
4  z   50   0    -110
4  z   25    -110 -110
4  z   60   -110  -110
4  z   20   -110  0
4  z   30   0  0
4  z   40   0  0
4  z   20   0  0
4  z   10   0  0
4  z   20   0  0
4  z   20   0  0

1 x  50    0     -45
1 x  20    -45   90
1 x  50    90    90

1 x  20    90    -30
1 x  20    -30   -30
1 x  20    -30   90
1 x  20    90    90
1 x  20    90    -30
1 x  20    -30   90
1 x  20    90    -30
1 x  20    -30   -30
###
1 x  100   -30   25
1 x  30    25  25
1 x  30    25  -15
1 x  30    -15 -35
1 x  40    -35  -15

###########################
1  x   60   -15    30
1  x   25    30   30
1  x   60  30   30
1  x   20  30   30
1  x   30  30   30
1  x   40  30   -15
1  x   20  -15   -15
1  x   10  -15   -15
1  x   20  -15   0
1  x   20  0     0
#
1  x   50   0    60
1  x   25    60   60
1  x   60  60   60
1  x   20  60   -25
1  x   30  -25   -25
1  x   40  -25  20
1  x   20  20  20
1  x   10  20  20
1  x   20  20   0
1  x   20  0    0

1  z   510   0    0
1  z   60   0    15
1  z   25    15  15
1  z  60   15   15
1  z  20   15   0
1  z  30   0   0
1  z  40   0   0
1  z  20   0   0
1  z  10   0   0
1  z  20   0   0
1  z  20   0   0
#
1  z   50   0    -30
1  z   25    -30  -30
1  z   60  -30   -30
1  z   20  -30   0
1  z   30  0   0
1  z   40  0   0
1  z   20  0   0
1  z   10  0   0
1  z   20  0   0
1  z   20  0   0

2 x  50    0     110
2 x  20    110   0
2 x  50    0     0

2 x  20    0     120
2 x  20    120   120
2 x  20    120   0
2 x  20    0     0
2 x  20    0     120
2 x  20    120   0
2 x  20    0     120
2 x  20    120   120
###
2 x  100   120   120
2 x  30    120 120
2 x  30    120 15
2 x  30    15  35
2 x  40    35   15

############################
2 x  75   15   0
2 x  60  0   0
2 x  20  0   75
2 x  30  75   75
2 x  40  75  75
2 x  20  75  75
2 x  10  75  75
2 x  20  75  0
2 x  20  0   0
#
2 x  75  0   0
2 x  60  0   0
2 x  20  0   75
2 x  30  75   75
2 x  40  75  75
2 x  20  75  75
2 x  10  75  75
2 x  20  75  0
2 x  20  0   0

2  z   510   0    0
2  z   60   0    110
2  z   25    110 110
2  z   60   110  110
2  z   20   110  0
2  z   30   0  0
2  z   40   0  0
2  z   20   0  0
2  z   10   0  0
2  z   20   0  0
2  z   20   0  0
#############################
2  z   40   0    -85
2  z   35    -85  -85
2  z   60  -85   -85
2  z   20  -85    0
2  z   30  0    0
2  z   40  0    0
2  z   20  0    0
2  z   10  0    0
2  z   20  0    0
2  z   20  0    0

5 x  50    0     60
5 x  20    60    85
5 x  50    85    85
5 x  160    85    85
###
5 x  100   85   30
5 x  30    30  30
5 x  30    30  45
5 x  30    45  45
5 x  40    45   0

##############################
5  x   60   0    90
5  x   25    90   120
5  x   60  120  120
5  x   20  120  25
5  x   30  25  25
5  x   40  25  0
5  x   20  0  0
5  x   10  0  0
5  x   20  0  0
5  x   20  0  0
#
5  x   50   0    30
5  x   25    30   0
5  x   60  0    0
5  x   20  0    -15
5  x   30  -15    -15
5  x   40  -15  175
5  x   20  175  160
5  x   10  160  160
5  x   20  160  0
5  x   20  0    0

5 z  50    0     15
5 z  20    15    30
5 z  50    30    30
5 z  150   30    30
###
5 z  10   30    0
5 z  230  0     0
#########################
5  z   60   0    0
5  z   25    0    120
5  z   60  120  120
5  z   20  120  0
5  z   30  0  0
5  z   40  0  0
5  z   20  0  0
5  z   10  0  0
5  z   20  0  0
5  z   20  0  0
#
5 z  75  0     0
5 z  60 0     0
5 z  20 0     0
5 z  30 0     0
5 z  40 0     0
5 z  20 0     0
5 z  10 0     0
5 z  20 0     0
5 z  20 0     0


6 x  50    0     -85
6 x  20    -85   -85  
6 x  50    -85   -85
6 x  160    -85   -85
###
6 x  100   -85   -150
6 x  30    -150 -150
6 x  30    -150 -70
6 x  30    -70  -70
6 x  40    -70   0

#############################
6  x   60   0    -120
6  x   25    -120 0
6  x   60  0     0
6  x   20  0     -30
6  x   30  -30     -30
6  x   40  -30     0
6  x   20  0     0
6  x   10  0     0
6  x   20  0     0
6  x   20  0     0
#
6  x   50   0    -25
6  x   25    -25  0
6  x   60  0     0
6  x   20  0     30
6  x   30  -30     -30
6  x   40  -30   0
6  x   20  0     0
6  x   10  0     0
6  x   20  0  0
6  x   20  0     0

7 x  50    0     30
7 x  20    30    85
7 x  50    85    85
7 x  160    85    85
###
7 x  100   85  85
7 x  30    85  85
7 x  30    85  0
7 x  30    0   0
7 x  40    0   0

#######################
7  x   60   0    30
7  x   25    30   0
7  x   60  0    0
7  x   20  0    -15
7  x   30  -15    -15
7  x   40  -15  175
7  x   20  175  160
7  x   10  160  160
7  x   20  160  0
7  x   20  0    0
#
7  x   50   0    90
7  x   25    90   120
7  x   60  120  120
7  x   20  120  25
7  x   30  25  25
7  x   40  25  0
7  x   20  0  0
7  x   10  0  0
7  x   20  0  0
7  x   20  0  0

7 z  50    0     -15
7 z  20    -15   -30
7 z  50    -30   -30
7 z  160    -30   -30
###
7 z  10    -30    0
7 z  220   0      0
#######################
7 z  85  0     0
7 z  60 0     0
7 z  20 0     0
7 z  30 0     0
7 z  40 0     0
7 z  20 0     0
7 z  10 0     0
7 z  20 0     0
7 z  20 0     0
#
7  z   50   0    0
7  z   25    0    -120
7  z   60  -120  -120
7  z   20  -120  0
7  z   30  0  0
7  z   40  0  0
7  z   20  0  0
7  z   10  0  0
7  z   20  0  0
7  z   20  0  0

8 x  50    0     -70
8 x  20    -70   -85
8 x  50    -85   -85
8 x  160    -85   -85
###
8 x  100   -85   -75
8 x  30    -75 -75
8 x  30    -75 -5
8 x  30    -5  -5
8 x  40    -5   0

#######################
8  x   60   0    -25
8  x   25    -25  0
8  x   60  0     0
8  x   20  0     -30
8  x   30  -30     -30
8  x   40  -30   0
8  x   20  0     0
8  x   10  0     0
8  x   20  0  0
8  x   20  0     0
#
8  x   50   0    -120
8  x   25    -120 0
8  x   60  0     0
8  x   20  0     -30
8  x   30  -30     -30
8  x   40  -30     0
8  x   20  0     0
8  x   10  0     0
8  x   20  0     0
8  x   20  0     0

9  y   510   0    0
9  y   60   0    20
9  y   25    20 80
9  y   60   80  80
9  y   20   80  0
9  y   30   0   0
9  y   40   0   0
9  y   20   0   0
9  y   10   0   0
9  y   20   0   0
9  y   20   0   0
#
9  y   50   0    -20
9  y   25    -20 -80
9  y   60   -80  -80
9  y   20   -80  0
9  y   30   0   0
9  y   40   0   0
9  y   20   0   0
9  y   10   0   0
9  y   20   0   0
9  y   20   0   0

