0 y  280   0   0

0 y  100   0   0
0 y  30    0   0
0 y  30    0   5
0 y  30    5   8
0 y  40    8   0
0 y  10    0   0
#######################
0 y  75   0   0
0 y  60   0  0
0 y  50   0  0
0 y  40   0  0
0 y  20   0  0
0 y  10   0  0
0 y  20   0  0
0 y  20   0  0
#
0 y  75   0   0
0 y  60   0  0
0 y  50   0  0
0 y  40   0  0
0 y  20   0  0
0 y  10   0  0
0 y  20   0  0
0 y  20   0  0
##########################################R
0 r  280   0   0

0 r  100   0   0
0 r  30    0   0
0 r  30    0   280
0 r  30    280  310
0 r  40    310   340
0 r  10    340  400
##############################


0 r  50   40   180
0 r  25    180 270
0 r  60  270 270
0 r  20  270 360
0 r  30  0 0
0 r  40  0 0
0 r  20  0 0
0 r  10  0 0
0 r  20  0 0
0 r  20  0 0
#
0 r  50   0   -180
0 r  25    -180 -270
0 r  60  -270 -270
0 r  20  -270 -360
0 r  30  0 0
0 r  40  0 0
0 r  20  0 0
0 r  10  0 0
0 r  20  0 0
0 r  20  0 0