# bow  50
1   z  50    0   30
2   x  50    0   30
3   z  50    0   -30
4   x  50    0   30
10  x  50    0   85
10  z  50    0   0

# Wait for a while   20
1   z  20    30   30
2   x  20    30   30
3   z  20    -30   -30
4   x  20    30   30
10  x  20    85   85
10  z  20    0   0

# Get up   50
1   z  50    30   0
2   x  50    30   0
3   z  50    -30  0
4   x  50    30   0
10  x  50    85   0
10  z  50    0   0

# Wave hand left side.1 30
1   z  30    0   175
2   x  30    0   0
3   z  30    0   -175
4   x  30    30   0
10  x  30    0   0
10  z  30    0   15

# Wave hand left side.2 30
1   z  30    175 100
2   x  30    0   0
3   z  30    -175 -100
4   x  30    0   0
10  x  30    0   0
10  z  30    15   30

# Wave hand left side.3 30
1   z  30    100 175 
2   x  30    0   0
3   z  30    -100 -175 
4   x  30    0   0
10  x  30    0   0
10  z  30    30  15

# Wave hand left side.4 30
1   z  30    175 100
2   x  30    0   0
3   z  30    -175 -100
4   x  30    0   0
10  x  30    0   0
10  z  30    15  0

# Wave hand right side.1 30
1   z  30    100 175 
2   x  30    0   0
3   z  30    -100 -175 
4   x  30    0   0
10  x  30    0   0
10  z  30    0  -15

# Wave hand right side.2 30
1   z  30    175 100
2   x  30    0   0
3   z  30    -175 -100
4   x  30    0   0
10  x  30    0   0
10  z  30    -15  -30

# Wave hand right side.3 30
1   z  30    100 175 
2   x  30    0   0
3   z  30    -100 -175 
4   x  30    0   0
10  x  30    0   0
10  z  30    -30  -15

# Wave hand right side.4 30
1   z  30    175 100
2   x  30    0   0
3   z  30    -175 -100
4   x  30    0   0
10  x  30    0   0
10  z  30    -15  0

# Wave hand left side.1 30
1   z  30    100 175 
2   x  30    0   0
3   z  30    -100 -175 
4   x  30    0   0
10  x  30    0   0
10  z  30    0  15

# Wave hand left side.2 30
1   z  30    175 100
2   x  30    0   0
3   z  30    -175 -100
4   x  30    0   0
10  x  30    0   0
10  z  30    15  30

# Wave hand left side.3 30
1   z  30    100 175 
2   x  30    0   0
3   z  30    -100 -175 
4   x  30    0   0
10  x  30    0   0
10  z  30    30  15

# Wave hand left side.4 30
1   z  30    175 100
2   x  30    0   0
3   z  30    -175 -100
4   x  30    0   0
10  x  30    0   0
10  z  30    15  0

# Go back
1   z  50    100 0
2   x  50    0   0
3   z  50    -100 0
4   x  50    0   0
10  x  50    0   0
10  z  50    0  0